1624791857.000000, IBI
109.484375,0.875000
110.171875,0.687500
129.781250,0.828125
130.750000,0.968750
151.156250,0.718750
151.859375,0.703125
152.562500,0.703125
153.281250,0.718750
165.156250,0.515625
165.734375,0.578125
166.343750,0.609375
169.828125,0.484375
170.265625,0.437500
170.812500,0.546875
180.140625,0.546875
248.781250,0.875000
249.640625,0.859375
250.578125,0.937500
251.531250,0.953125
252.515625,0.984375
253.468750,0.953125
254.406250,0.937500
255.328125,0.921875
260.937500,0.953125
261.968750,1.031250
262.859375,0.890625
263.765625,0.906250
264.703125,0.937500
269.343750,0.984375
270.203125,0.859375
271.171875,0.968750
272.109375,0.937500
273.046875,0.937500
273.968750,0.921875
274.906250,0.937500
275.843750,0.937500
276.765625,0.921875
277.671875,0.906250
278.593750,0.921875
279.515625,0.921875
280.468750,0.953125
281.406250,0.937500
282.281250,0.875000
283.203125,0.921875
284.062500,0.859375
284.953125,0.890625
285.703125,0.750000
290.921875,0.906250
291.750000,0.828125
292.640625,0.890625
293.562500,0.921875
294.500000,0.937500
295.421875,0.921875
296.343750,0.921875
297.296875,0.953125
298.218750,0.921875
299.015625,0.796875
299.750000,0.734375
300.562500,0.812500
301.421875,0.859375
302.328125,0.906250
303.250000,0.921875
304.218750,0.968750
305.125000,0.906250
306.031250,0.906250
306.906250,0.875000
307.765625,0.859375
308.625000,0.859375
309.421875,0.796875
310.250000,0.828125
311.062500,0.812500
311.921875,0.859375
312.828125,0.906250
313.625000,0.796875
317.281250,0.906250
318.046875,0.765625
318.953125,0.906250
319.796875,0.843750
320.640625,0.843750
321.578125,0.937500
322.484375,0.906250
323.484375,1.000000
324.421875,0.937500
325.375000,0.953125
326.296875,0.921875
327.250000,0.953125
328.156250,0.906250
329.078125,0.921875
330.015625,0.937500
330.875000,0.859375
331.750000,0.875000
332.609375,0.859375
333.484375,0.875000
334.359375,0.875000
335.250000,0.890625
336.140625,0.890625
337.062500,0.921875
338.000000,0.937500
338.921875,0.921875
339.843750,0.921875
348.156250,1.062500
349.046875,0.890625
349.953125,0.906250
350.843750,0.890625
351.796875,0.953125
352.734375,0.937500
353.671875,0.937500
354.593750,0.921875
355.531250,0.937500
356.453125,0.921875
357.312500,0.859375
358.187500,0.875000
359.062500,0.875000
359.953125,0.890625
360.828125,0.875000
361.734375,0.906250
362.609375,0.875000
363.531250,0.921875
364.390625,0.859375
365.265625,0.875000
366.156250,0.890625
367.046875,0.890625
367.906250,0.859375
368.734375,0.828125
369.625000,0.890625
370.515625,0.890625
371.375000,0.859375
372.234375,0.859375
373.078125,0.843750
373.953125,0.875000
374.828125,0.875000
375.703125,0.875000
376.609375,0.906250
377.531250,0.921875
378.406250,0.875000
379.250000,0.843750
380.140625,0.890625
381.062500,0.921875
381.953125,0.890625
382.828125,0.875000
383.687500,0.859375
384.546875,0.859375
385.406250,0.859375
386.265625,0.859375
387.109375,0.843750
388.000000,0.890625
388.843750,0.843750
389.687500,0.843750
390.500000,0.812500
391.328125,0.828125
392.156250,0.828125
392.953125,0.796875
393.781250,0.828125
394.625000,0.843750
395.468750,0.843750
396.312500,0.843750
397.140625,0.828125
397.968750,0.828125
398.843750,0.875000
399.781250,0.937500
400.593750,0.812500
401.562500,0.968750
413.140625,0.750000
414.015625,0.875000
423.375000,0.890625
424.250000,0.875000
425.093750,0.843750
431.437500,0.937500
432.421875,0.984375
433.375000,0.953125
434.390625,1.015625
435.265625,0.875000
436.140625,0.875000
441.406250,0.906250
442.312500,0.906250
443.171875,0.859375
444.062500,0.890625
444.859375,0.796875
445.640625,0.781250
458.843750,0.843750
459.718750,0.875000
460.578125,0.859375
461.406250,0.828125
468.140625,1.031250
469.187500,1.046875
470.218750,1.031250
471.171875,0.953125
472.078125,0.906250
473.062500,0.984375
473.968750,0.906250
474.921875,0.953125
475.859375,0.937500
476.796875,0.937500
477.765625,0.968750
478.734375,0.968750
479.734375,1.000000
480.703125,0.968750
481.625000,0.921875
482.593750,0.968750
483.546875,0.953125
484.531250,0.984375
485.453125,0.921875
486.375000,0.921875
487.328125,0.953125
488.250000,0.921875
489.156250,0.906250
490.109375,0.953125
491.046875,0.937500
491.968750,0.921875
492.812500,0.843750
497.359375,0.671875
498.140625,0.781250
498.890625,0.750000
506.812500,0.921875
507.703125,0.890625
508.640625,0.937500
509.625000,0.984375
510.578125,0.953125
511.500000,0.921875
512.437500,0.937500
513.359375,0.921875
514.296875,0.937500
515.031250,0.734375
533.109375,1.046875
534.031250,0.921875
534.968750,0.937500
536.062500,1.093750
536.968750,0.906250
537.906250,0.937500
538.812500,0.906250
539.781250,0.968750
540.625000,0.843750
541.484375,0.859375
542.359375,0.875000
543.234375,0.875000
544.093750,0.859375
544.968750,0.875000
545.906250,0.937500
546.843750,0.937500
547.734375,0.890625
548.609375,0.875000
549.468750,0.859375
550.375000,0.906250
551.250000,0.875000
552.125000,0.875000
553.046875,0.921875
554.000000,0.953125
554.890625,0.890625
555.796875,0.906250
556.734375,0.937500
557.656250,0.921875
558.562500,0.906250
559.515625,0.953125
560.453125,0.937500
561.359375,0.906250
562.250000,0.890625
563.156250,0.906250
564.031250,0.875000
564.921875,0.890625
565.765625,0.843750
566.687500,0.921875
567.515625,0.828125
568.437500,0.921875
569.421875,0.984375
588.062500,0.953125
589.062500,1.000000
590.046875,0.984375
591.015625,0.968750
592.015625,1.000000
593.015625,1.000000
593.968750,0.953125
594.906250,0.937500
595.781250,0.875000
596.671875,0.890625
597.578125,0.906250
598.468750,0.890625
599.359375,0.890625
600.328125,0.968750
601.265625,0.937500
602.187500,0.921875
603.062500,0.875000
604.000000,0.937500
604.828125,0.828125
605.593750,0.765625
606.453125,0.859375
607.343750,0.890625
608.062500,0.718750
621.500000,0.859375
622.406250,0.906250
623.187500,0.781250
624.078125,0.890625
625.000000,0.921875
625.812500,0.812500
626.765625,0.953125
627.765625,1.000000
628.750000,0.984375
635.734375,0.906250
636.671875,0.937500
637.578125,0.906250
638.453125,0.875000
639.359375,0.906250
640.281250,0.921875
641.218750,0.937500
642.156250,0.937500
643.140625,0.984375
644.093750,0.953125
645.046875,0.953125
645.984375,0.937500
646.984375,1.000000
648.015625,1.031250
649.046875,1.031250
650.000000,0.953125
651.000000,1.000000
651.937500,0.937500
652.921875,0.984375
653.937500,1.015625
654.921875,0.984375
655.875000,0.953125
656.859375,0.984375
657.781250,0.921875
658.703125,0.921875
659.593750,0.890625
660.562500,0.968750
661.515625,0.953125
662.453125,0.937500
663.359375,0.906250
664.312500,0.953125
665.234375,0.921875
666.125000,0.890625
667.000000,0.875000
667.875000,0.875000
668.765625,0.890625
669.640625,0.875000
670.500000,0.859375
671.312500,0.812500
672.140625,0.828125
672.968750,0.828125
673.781250,0.812500
674.593750,0.812500
675.437500,0.843750
676.281250,0.843750
677.140625,0.859375
677.984375,0.843750
678.859375,0.875000
679.734375,0.875000
680.531250,0.796875
681.375000,0.843750
682.234375,0.859375
683.109375,0.875000
683.984375,0.875000
684.875000,0.890625
685.734375,0.859375
686.593750,0.859375
687.515625,0.921875
688.453125,0.937500
689.359375,0.906250
690.281250,0.921875
691.187500,0.906250
692.093750,0.906250
692.937500,0.843750
693.796875,0.859375
694.625000,0.828125
695.515625,0.890625
696.390625,0.875000
697.265625,0.875000
698.187500,0.921875
699.171875,0.984375
700.093750,0.921875
701.015625,0.921875
701.953125,0.937500
702.781250,0.828125
708.031250,0.890625
709.000000,0.968750
709.968750,0.968750
710.890625,0.921875
711.796875,0.906250
712.687500,0.890625
713.578125,0.890625
714.390625,0.812500
715.265625,0.875000
716.125000,0.859375
716.984375,0.859375
717.843750,0.859375
718.718750,0.875000
719.593750,0.875000
720.484375,0.890625
721.359375,0.875000
722.218750,0.859375
723.015625,0.796875
723.843750,0.828125
724.703125,0.859375
725.531250,0.828125
726.375000,0.843750
727.218750,0.843750
728.093750,0.875000
728.937500,0.843750
729.781250,0.843750
730.656250,0.875000
731.562500,0.906250
732.468750,0.906250
733.562500,1.093750
743.406250,0.750000
744.156250,0.750000
744.890625,0.734375
745.734375,0.843750
755.015625,0.812500
755.953125,0.937500
756.875000,0.921875
757.718750,0.843750
776.625000,1.046875
777.593750,0.968750
778.562500,0.968750
779.531250,0.968750
780.593750,1.062500
781.578125,0.984375
782.593750,1.015625
783.515625,0.921875
784.750000,1.234375
790.656250,0.812500
791.625000,0.968750
792.500000,0.875000
793.406250,0.906250
794.312500,0.906250
804.734375,0.890625
805.515625,0.781250
806.406250,0.890625
807.296875,0.890625
815.703125,0.921875
816.593750,0.890625
817.531250,0.937500
818.500000,0.968750
819.343750,0.843750
820.296875,0.953125
821.062500,0.765625
822.109375,1.046875
822.953125,0.843750
823.906250,0.953125
824.765625,0.859375
825.625000,0.859375
826.500000,0.875000
827.359375,0.859375
828.250000,0.890625
829.125000,0.875000
830.000000,0.875000
830.890625,0.890625
831.765625,0.875000
832.640625,0.875000
833.531250,0.890625
834.375000,0.843750
835.250000,0.875000
836.078125,0.828125
836.937500,0.859375
837.796875,0.859375
838.687500,0.890625
839.593750,0.906250
840.453125,0.859375
841.296875,0.843750
842.171875,0.875000
843.015625,0.843750
843.859375,0.843750
844.718750,0.859375
845.578125,0.859375
846.406250,0.828125
847.250000,0.843750
848.078125,0.828125
848.984375,0.906250
849.875000,0.890625
850.765625,0.890625
851.656250,0.890625
852.562500,0.906250
853.437500,0.875000
854.281250,0.843750
855.109375,0.828125
855.953125,0.843750
856.781250,0.828125
857.578125,0.796875
858.406250,0.828125
859.234375,0.828125
860.078125,0.843750
860.921875,0.843750
861.796875,0.875000
862.671875,0.875000
863.515625,0.843750
864.343750,0.828125
865.171875,0.828125
865.968750,0.796875
866.765625,0.796875
867.578125,0.812500
868.562500,0.984375
869.375000,0.812500
870.218750,0.843750
871.093750,0.875000
871.953125,0.859375
872.734375,0.781250
873.593750,0.859375
874.390625,0.796875
875.218750,0.828125
875.984375,0.765625
876.750000,0.765625
877.562500,0.812500
878.390625,0.828125
879.265625,0.875000
880.140625,0.875000
881.062500,0.921875
882.015625,0.953125
882.921875,0.906250
883.812500,0.890625
884.687500,0.875000
885.500000,0.812500
886.406250,0.906250
887.312500,0.906250
888.265625,0.953125
889.156250,0.890625
890.062500,0.906250
890.921875,0.859375
908.171875,0.843750
908.968750,0.796875
930.125000,0.968750
931.093750,0.968750
932.171875,1.078125
936.812500,0.968750
937.765625,0.953125
938.750000,0.984375
939.609375,0.859375
940.375000,0.765625
941.234375,0.859375
941.984375,0.750000
957.078125,0.859375
957.953125,0.875000
958.828125,0.875000
959.671875,0.843750
960.578125,0.906250
961.484375,0.906250
962.359375,0.875000
963.265625,0.906250
964.203125,0.937500
965.140625,0.937500
966.015625,0.875000
966.906250,0.890625
967.765625,0.859375
968.546875,0.781250
969.421875,0.875000
970.281250,0.859375
971.140625,0.859375
972.046875,0.906250
972.968750,0.921875
973.828125,0.859375
974.718750,0.890625
975.609375,0.890625
976.437500,0.828125
977.265625,0.828125
978.093750,0.828125
978.906250,0.812500
979.781250,0.875000
980.640625,0.859375
981.515625,0.875000
982.421875,0.906250
983.281250,0.859375
984.156250,0.875000
989.140625,0.781250
989.906250,0.765625
990.703125,0.796875
991.531250,0.828125
992.375000,0.843750
997.015625,0.734375
997.812500,0.796875
998.562500,0.750000
999.359375,0.796875
1000.156250,0.796875
1000.953125,0.796875
1005.828125,0.812500
1006.625000,0.796875
1007.406250,0.781250
1008.187500,0.781250
1009.062500,0.875000
1009.921875,0.859375
1010.781250,0.859375
1011.656250,0.875000
1012.562500,0.906250
1013.406250,0.843750
1014.312500,0.906250
1015.140625,0.828125
1015.921875,0.781250
1016.703125,0.781250
1017.500000,0.796875
1018.343750,0.843750
1019.140625,0.796875
1019.968750,0.828125
1020.812500,0.843750
1021.656250,0.843750
1022.468750,0.812500
1023.296875,0.828125
1024.125000,0.828125
1024.937500,0.812500
1025.687500,0.750000
1045.000000,0.875000
1045.828125,0.828125
1051.359375,0.781250
1052.171875,0.812500
1053.000000,0.828125
1053.859375,0.859375
1054.812500,0.953125
1071.781250,0.906250
1072.687500,0.906250
1073.625000,0.937500
1090.750000,0.968750
1091.750000,1.000000
1092.718750,0.968750
1093.687500,0.968750
1094.671875,0.984375
1095.640625,0.968750
1096.640625,1.000000
1097.656250,1.015625
1098.625000,0.968750
1099.843750,1.218750
1100.828125,0.984375
1101.796875,0.968750
1102.781250,0.984375
1103.781250,1.000000
1104.781250,1.000000
1105.843750,1.062500
1106.859375,1.015625
1113.796875,0.968750
1114.796875,1.000000
1115.828125,1.031250
1116.796875,0.968750
1117.781250,0.984375
1118.796875,1.015625
1119.812500,1.015625
1120.828125,1.015625
1121.859375,1.031250
1122.843750,0.984375
1123.828125,0.984375
1124.843750,1.015625
1125.796875,0.953125
1126.796875,1.000000
1127.781250,0.984375
1128.750000,0.968750
1129.781250,1.031250
1130.796875,1.015625
1131.765625,0.968750
1132.812500,1.046875
1133.843750,1.031250
1134.812500,0.968750
1135.875000,1.062500
1136.875000,1.000000
1137.890625,1.015625
1138.953125,1.062500
1140.000000,1.046875
1140.984375,0.984375
1142.031250,1.046875
1143.062500,1.031250
1144.046875,0.984375
1145.078125,1.031250
1146.093750,1.015625
1147.125000,1.031250
1148.156250,1.031250
1149.281250,1.125000
1150.234375,0.953125
1151.312500,1.078125
1152.343750,1.031250
1153.359375,1.015625
1154.390625,1.031250
1155.390625,1.000000
1156.359375,0.968750
1157.218750,0.859375
1158.406250,1.187500
1159.421875,1.015625
1160.421875,1.000000
1161.468750,1.046875
1162.468750,1.000000
1163.421875,0.953125
1164.437500,1.015625
1165.453125,1.015625
1166.343750,0.890625
1167.406250,1.062500
1168.406250,1.000000
1169.421875,1.015625
1170.437500,1.015625
1171.453125,1.015625
1172.500000,1.046875
1173.500000,1.000000
1174.515625,1.015625
1175.546875,1.031250
1176.546875,1.000000
1177.562500,1.015625
1178.593750,1.031250
1179.625000,1.031250
1180.625000,1.000000
1181.656250,1.031250
1182.656250,1.000000
1183.625000,0.968750
1184.640625,1.015625
1185.671875,1.031250
1186.671875,1.000000
1187.703125,1.031250
1188.750000,1.046875
1189.765625,1.015625
1190.765625,1.000000
1191.796875,1.031250
1192.796875,1.000000
1193.812500,1.015625
1194.843750,1.031250
1195.828125,0.984375
1196.796875,0.968750
1197.796875,1.000000
1198.812500,1.015625
1199.796875,0.984375
1200.843750,1.046875
1201.828125,0.984375
1202.812500,0.984375
1203.859375,1.046875
1204.859375,1.000000
1205.859375,1.000000
1206.875000,1.015625
1207.859375,0.984375
1208.843750,0.984375
1209.859375,1.015625
1210.859375,1.000000
1211.875000,1.015625
1212.921875,1.046875
1213.937500,1.015625
1215.062500,1.125000
1216.046875,0.984375
1217.062500,1.015625
1218.015625,0.953125
1219.031250,1.015625
1225.109375,1.000000
1226.156250,1.046875
1227.140625,0.984375
1228.171875,1.031250
1229.140625,0.968750
1230.093750,0.953125
1273.265625,0.890625
1274.265625,1.000000
1275.265625,1.000000
1338.296875,0.828125
1343.578125,0.890625
1344.468750,0.890625
1345.343750,0.875000
1400.406250,0.921875
1401.312500,0.906250
1402.156250,0.843750
1447.640625,0.937500
1448.609375,0.968750
1449.578125,0.968750
1450.828125,1.250000
1477.156250,1.046875
1489.828125,0.906250
1490.765625,0.937500
1491.515625,0.750000
1492.578125,1.062500
1493.406250,0.828125
1498.812500,0.843750
1499.656250,0.843750
1500.406250,0.750000
1512.265625,0.890625
1513.015625,0.750000
1517.781250,0.875000
1518.562500,0.781250
1519.390625,0.828125
1540.312500,0.671875
1567.031250,0.750000
1567.937500,0.906250
1575.750000,0.859375
1576.640625,0.890625
1577.531250,0.890625
1578.421875,0.890625
1579.296875,0.875000
1580.140625,0.843750
1580.875000,0.734375
1596.453125,0.843750
1597.328125,0.875000
1598.203125,0.875000
1599.125000,0.921875
1599.984375,0.859375
1600.796875,0.812500
1648.390625,0.765625
1662.750000,0.703125
1663.640625,0.890625
